29121303
17846875 4222
 
7351
7352
7353
7354
7355
7350
7250
7251
7252
7253
7254
7255
7256
7257
3834
3835
3836
3837
3838
3839
3840
3841
3842
4866
4732
4710
4688
4666
4644
4622
4600
4578
4556
4534
4512
4490
4468
4357
4197
4024
3843
3618
3844
3845
3846
3847
3848
3849
3850
3414
3413
3412
3411
3410
3409
3408
3407
3406
3405
3404
3403
3402
3401
3400
3399
3398
3397
3396
3395
3394
3393
3392
3391
3390
3389
3388
3387
3386
3385
3614
3824
4021
4194
4354
4465
4487
4509
4531
4553
4575
4597
4619
4641
4663
4685
4707
4729
4863
3384
3383
3613
3823
4020
4193
4353
4464
4486
4508
4530
4552
4574
4596
4618
4640
4662
4684
4706
4728
4862
3382
3381
3380
3379
3378
3377
3339
7396
7395
7394
7393
7392
7391
7390
7389
7388
7387
3315
3376
3316
3612
3317
3822
3318
4019
3319
4192
3320
4352
3321
4463
3322
4485
3323
4507
3324
4529
3325
4551
3326
4573
3327
4595
3328
4617
3329
4639
3330
4661
3331
4683
3332
4705
3333
4727
3334
4861
3335
4982
3336
5217
3337
5456
3338
5674
5675
5676
5677
5678
5679
5680
5681
5682
5683
5684
3374
3375
5685
5686
5687
5688
5689
5690
5691
5692
5693
5694
5695
5696
5697
5698
5699
5700
5701
5702
5703
5704
5705
5457
5218
4983
4984
3364
5219
5220
5221
5222
5223
3368
5224
3369
5225
5226
5227
5228
5229
5230
5231
5232
5233
4994
4993
4992
4991
4990
4989
4988
4987
4986
4985
4865
3362
4864
4730
4731
4709
4708
4686
4687
4665
4664
4642
4643
4621
4620
4598
4599
4577
4576
4554
4555
4533
4532
4510
4511
4489
4488
4466
4467
4356
4355
4195
4196
4023
4022
3825
3345
3615
3616
3617
3826
3827
3828
3829
3830
3831
3832
3833
4995
5234
5235
4996
4997
5236
5237
4998
4999
5238
3370
5706
5707
5708
5709
5710
5711
5712
5713
5714
5715
5716
5717
5458
5239
5000
5001
5240
5459
5241
5002
5003
5242
3371
5243
5004
5005
5244
5245
5006
5007
5246
5247
5008
5009
5248
5010
5249
5250
3372
5718
5719
5460
5251
5252
5461
5720
5721
5462
5253
5254
5463
5722
5723
5464
5255
5256
5465
5724
5725
5466
5257
5258
5467
5726
5727
5468
5259
5260
5469
5728
5729
5470
5261
5262
5471
5730
5731
5472
5263
5264
5473
5732
5733
5474
5265
5266
5475
5734
5735
5476
5267
5268
5477
5736
5737
5478
5269
5270
5479
5738
5739
5480
5271
5272
5481
5740
5741
5482
5273
5274
5483
5742
5743
5484
5275
5276
5485
5744
5745
5486
5277
5278
5487
5746
5747
5488
5279
5280
5489
5748
5749
5750
5490
5281
5491
5282
5043
5042
5041
5040
5039
5038
5037
5036
5035
5034
5033
5032
5031
5030
5029
5028
5027
5026
5025
5024
5023
5022
5021
5020
5019
5018
5017
5016
5015
5014
5013
5012
5011
4867
4733
4711
4689
4667
4645
4623
4601
4579
4557
4535
4513
4491
4469
4358
4198
4025
3851
3852
3853
3854
3619
3415
3416
3417
3418
3341
3855
4026
4199
4359
4470
4492
4514
4536
4558
4580
4602
4624
4646
4668
4690
4712
4734
4868
3856
3620
3419
3420
3621
3857
3858
3622
3421
3422
3623
3859
3860
3861
3862
3863
3864
3865
3866
3867
3868
3624
3423
3424
3425
3342
3426
3427
3428
3429
3430
7183
7182
7181
7180
7179
7178
7177
7176
7258
7249
7165
7089
7090
7091
7092
7093
7094
7095
7096
3431
3343
3432
3433
3434
3625
3869
3349
3870
4200
4360
4471
4493
4515
4537
4559
4581
4603
4625
4647
4669
4691
4713
4735
4869
4027
3871
3626
3627
3872
4028
4029
3873
3628
3435
3436
3629
3874
4030
4031
3875
3630
3437
3438
3631
3876
4032
3877
3632
3439
3440
3441
3442
3443
3444
3445
3446
3447
3448
3449
3450
3451
3645
3644
3643
3642
3641
3640
3639
3638
3637
3636
3635
3634
3633
3878
3350
3879
3880
3881
3882
3883
3884
3885
3886
3887
3888
3889
3890
3891
3359
5044
5283
5492
5751
5752
5493
5284
5045
4870
4871
5046
5285
5494
5753
5754
5495
5286
5047
4872
4873
5048
5287
5496
5755
5756
5497
5288
5049
4874
4875
5050
5289
5498
5757
5758
5499
5290
5051
4876
5052
5291
5500
5759
5760
5501
5292
5053
4877
4736
3360
5054
5293
5502
5761
5762
5503
5294
5055
4878
4879
4880
4881
4882
4883
4884
4885
4886
4887
4888
4889
4890
5067
5306
5066
5065
5305
5516
5515
5775
5774
5514
5304
5064
5063
5303
5513
5773
5772
5512
5302
5062
5061
5301
5511
5771
5770
5769
5510
5300
5060
5059
5299
5509
5508
5768
5767
5766
5507
5298
5058
5057
5297
5296
5506
5505
5765
5764
5763
5504
5295
5056
4737
4715
4714
4692
4693
4671
4670
4648
4649
4210
4209
4208
4207
4206
4205
4204
4203
4202
4362
4473
4495
4517
4539
4561
4583
4605
4627
4626
4604
4582
4560
4538
4516
4494
4472
4361
4201
3353
4033
3351
3893
3892
3648
3649
3894
4034
4035
3895
3650
3651
3896
4036
4037
4038
3897
3652
3898
3653
3459
3458
3457
3456
3455
3454
3453
3647
3646
3452
7015
7016
7017
7018
7019
7020
286
285
288
287
290
289
292
291
296
295
294
293
6860
6861
6889
6934
6918
6884
6879
6880
6848
6849
6862
6885
6881
6890
6935
6936
6919
6920
6921
6886
6863
6864
6870
6865
6871
6922
6906
6907
6908
6872
6873
6850
6851
6866
6882
6874
6942
6941
6940
6939
6938
6937
3460
3654
3899
4039
4040
3900
3655
3461
3462
3656
3901
4041
4042
3902
3657
3658
3463
3464
3465
3466
3467
3468
3469
3470
3665
3910
3664
3663
3909
4050
4049
3908
3662
3661
3907
4048
4216
4047
3906
3660
3659
3905
4046
4215
4214
4045
3904
3903
4043
4044
4213
4212
4211
3355
4363
4364
4365
4366
4518
4540
4562
4584
4606
4628
4650
4672
4694
4716
4738
4891
5068
5307
5517
5776
5777
5518
5308
5069
4892
5070
4893
3357
4739
4740
4741
4742
4743
4744
4745
4746
4747
4748
4749
4750
4751
4752
4753
4754
4755
4756
4757
4758
4759
4760
4761
4762
4763
4918
4917
5095
5334
5545
5804
5544
5333
5094
4916
4915
5093
5332
5543
5803
5802
5542
5331
5092
4914
4913
5091
5330
5541
5801
5800
5540
5329
5090
4912
4911
5089
5328
5539
5799
5798
5538
5327
5088
4910
4909
5087
5326
5537
5797
5796
5536
5325
5086
4908
4907
5085
5324
5535
5795
5794
5534
5323
5084
4906
4905
5083
5322
5533
5793
5792
5532
5321
5082
4904
4903
5081
5320
5531
5791
5790
5530
5319
5080
4902
4901
5079
5318
5529
5789
5788
5787
5528
5317
5078
4900
4899
5077
5316
5527
5526
5786
5785
5784
5525
5315
5076
4898
4897
5075
5314
5313
5524
5523
5783
5782
5781
5522
5312
5074
4896
4895
5073
5072
5311
5310
5521
5520
5780
5779
5778
5519
5309
5071
4894
4717
4695
4673
4651
4629
4607
4585
4563
4541
4519
4497
4496
4474
4367
4368
4217
4218
4369
4475
4370
4219
4051
4052
4220
4371
4372
4221
4053
4054
4222
4373
4374
4223
4055
4056
4057
4058
4059
4060
4061
4062
4063
4064
4065
4066
4067
4068
4069
4070
4071
4072
4073
4074
4075
4076
4244
4243
4395
4394
4242
4241
4393
4392
4240
4239
4391
4390
4238
4237
4389
4388
4236
4235
4387
4386
4234
4233
4385
4384
4232
4231
4383
4382
4230
4229
4381
4380
4228
4227
4379
4378
4226
4225
4377
4376
4375
4224
3346
3668
3669
3670
3671
3672
3673
3674
3675
3676
3677
3678
3679
3680
3681
3682
3683
3684
3685
3686
3687
3688
3689
3690
3691
3494
3493
3492
3491
3490
3489
3488
3487
3486
3485
3484
3483
3482
3481
3480
3479
3478
3477
3476
3475
3474
3473
3472
3667
3911
3666
3471
6821
6822
6823
6824
6825
6826
6827
6828
6829
6830
6756
6763
254
253
6755
6754
6753
6769
6775
6781
6799
6811
6820
6787
6752
262
261
256
255
260
259
258
257
251
252
6760
6761
6774
6762
6780
6797
6809
6798
6810
228
227
226
225
6625
6624
6682
6687
6686
6706
6705
6786
6751
264
263
266
265
6933
6914
6932
268
267
270
269
6749
6748
6796
6806
6807
6750
6768
6808
6818
6819
224
6639
6638
223
230
229
6637
6685
6701
6702
6717
6703
6704
6671
6672
6681
6665
6664
6663
6651
6636
6670
6684
6662
6680
6679
6669
6650
6623
234
233
232
231
6661
6678
6635
6634
6805
236
235
6649
6518
201
202
6546
6569
6537
6547
6519
6520
6548
6521
6527
6522
199
200
197
198
6528
193
194
191
192
6555
6583
6549
6599
6600
6538
6556
6550
195
196
185
186
6529
6539
6530
6570
6584
6571
6563
6572
6540
187
188
189
190
6720
6710
6709
6725
6724
6708
6668
6654
6653
6628
6683
6719
6723
6707
6627
6652
6667
6666
6689
6688
6718
6673
6626
221
222
219
220
217
218
6655
6640
6641
6656
6657
6642
6658
6711
6712
6690
6726
6734
6733
6732
6731
6730
6729
6728
6727
3495
3692
3912
4077
4245
4396
4476
4498
4520
4542
4564
4586
4608
4630
4652
4674
4696
4718
4764
4919
5335
5096
4920
4765
4766
4921
5097
5336
5546
5805
5806
5547
5337
5098
4922
4767
4768
4923
5099
5338
5548
5807
5808
5549
5339
5100
4924
4769
4770
4925
5101
5340
5550
5809
5810
5551
5341
5102
4926
4771
4772
4927
5103
5342
5552
5811
5812
5553
5343
5104
4928
4773
4774
4929
5105
5344
5554
5813
5814
5555
5345
5106
4930
4775
4776
4931
5107
5346
5556
5815
5816
5557
5347
5108
4932
4777
4778
4933
5109
5348
5558
5817
5818
5559
5349
5110
4934
4779
4780
4935
5111
5350
5560
5819
5820
5561
5351
5112
4936
4781
4782
4937
5113
5352
5562
5821
5822
5563
5353
5114
4938
4783
4784
4939
5115
5354
5355
5116
4940
4785
4786
4941
5117
5118
4942
4787
4788
4943
5119
5120
4944
4789
4790
4945
4946
4791
4792
4947
4948
4793
4794
4949
4950
4795
4796
4951
4952
4797
4798
4799
4800
4801
4802
4803
4804
4805
4806
4807
4808
4809
4810
4811
4812
4813
4814
4815
4816
4817
4818
4819
4820
4975
5391
5392
5602
5862
5603
5393
5394
5604
5863
5864
5605
5395
5396
5606
5865
5866
5607
5397
5398
5608
5867
5868
5609
5399
5400
5610
5869
5870
5611
5401
5402
5612
5871
5872
5613
5403
2113
2112
2111
2110
2109
2108
2107
2106
2105
2104
2103
2102
2101
2100
2099
2311
2098
1979
1941
1903
1865
1827
1789
1751
1713
1675
1637
1599
1561
1523
1407
1177
1043
881
643
880
642
641
879
878
640
639
877
876
638
460
875
874
1402
1403
1404
1405
1406
1176
1175
1174
1173
1172
1171
1170
1401
1400
1169
1042
873
637
872
636
635
871
870
634
633
869
868
632
631
867
866
630
629
865
864
628
627
863
862
626
625
861
860
624
623
859
1041
1386
1387
1388
1389
1390
1391
1392
1393
1394
1395
1396
1397
1398
1978
1940
1902
1864
1826
1788
1750
1712
1674
1636
1598
1560
1522
1399
1168
1167
1166
1165
1164
1163
1162
1161
1160
1159
1158
1157
1156
1155
858
622
621
857
856
620
619
855
854
618
617
853
852
616
615
851
850
614
613
849
848
474
847
612
611
846
845
1040
1375
1376
1377
1378
1379
1380
1381
1382
1383
1384
1977
1939
1901
1863
1825
1787
1749
1711
1673
1635
1597
1559
1521
1385
1154
1153
1152
1151
1150
1149
1148
1147
1146
1145
1144
1143
1142
1141
1140
473
844
610
609
608
843
842
472
841
607
606
605
840
604
603
839
1039
838
602
601
837
1038
1139
1138
1137
1136
1135
1134
1037
836
600
599
835
1036
1133
1132
1131
1035
834
833
1034
1033
1130
1129
1032
1031
1128
1127
1126
1125
1357
486
1356
1355
485
1555
1593
1631
1669
1707
1745
1783
1821
1859
1897
1935
1973
1358
1359
1360
1361
1362
1363
1364
1365
1366
1367
1518
1556
1594
1632
1670
1708
1746
1784
1822
1860
1898
1936
1974
2271
2272
2477
2717
2478
2273
2274
2479
2718
2914
3153
2915
2719
2480
2275
2276
2481
2720
2916
3154
3155
2917
2721
2482
2277
2064
2063
2062
2061
2060
2059
2058
2057
2270
2476
2716
2913
3152
3151
2912
2715
2475
2269
2056
1368
1369
1370
1371
1372
1373
1374
1519
1557
1595
1633
1671
1709
1747
1785
1823
1861
1899
1937
1975
1520
1558
1596
1634
1672
1710
1748
1786
1824
1862
1900
1938
1976
2065
2278
2483
2722
2918
3156
3157
2919
2723
2484
2279
2066
2067
2280
2485
2724
2920
3158
3159
2921
2725
2486
2281
2068
2069
2282
2487
2726
2922
3160
3161
2923
2727
2488
2283
2070
2071
2284
2489
2728
2924
3162
3163
2925
2926
2927
2928
3166
3165
3164
2729
2490
2285
2072
2073
2286
2491
2287
2074
2075
2076
2077
2078
2079
2080
2081
2082
2294
2293
2292
2291
2290
2289
2288
2492
494
2493
2494
495
2929
3167
3168
2930
2730
2495
2496
2731
2931
3169
3170
2932
2933
2934
3172
3171
2732
2497
496
2498
2499
2733
2935
3173
3174
2936
2937
2938
2500
2295
2083
2084
2296
2501
2502
2297
2085
2086
2298
2503
2504
2299
2087
2088
2300
2505
2301
2089
2090
2302
2303
2091
2092
2093
2094
2095
2096
2097
2310
2515
2744
2954
3193
3192
3191
2953
2743
2514
2309
2308
2513
2742
2952
2951
3190
3189
2950
2741
2512
2307
2306
2511
2740
2739
2949
3188
3187
3186
2948
2738
2510
2305
2304
2509
2508
2737
2947
2946
3185
3184
3183
2945
2736
2507
497
2506
2735
2734
2944
2943
3182
3181
2942
2941
3180
3179
2940
2939
3178
3177
3176
3175
283
284
281
282
6909
6837
6836
6835
6834
6833
6832
6831
6838
6852
6839
317
318
315
316
7009
7008
6949
6948
6947
6946
6945
6944
6969
6943
6950
6951
341
342
7082
7074
7027
7026
7025
7024
7023
7022
7021
365
366
367
368
7166
7105
7104
7103
7102
7101
7100
7099
7098
7097
7106
389
390
387
388
7229
7187
7186
7185
7184
7209
7189
7188
411
412
3094
3093
3092
3091
3090
3089
3088
3087
2654
2655
500
2656
2657
501
2658
2659
2874
2875
2660
2876
3095
3096
3097
2877
2661
2424
2662
2425
2663
3098
3099
3100
3101
2878
502
2664
2426
2665
2427
2223
2222
2221
491
2220
2219
2006
487
2007
2008
1930
1968
2009
2010
2224
2428
2666
2667
2429
2225
2011
1969
2012
2226
2227
2013
2014
2015
2016
2017
2018
2019
2020
2021
2022
2233
2232
2231
2230
2229
2434
2433
2228
2432
2431
2430
2668
2879
3102
3103
3104
503
2669
2670
2880
3105
3106
3107
3108
3109
3110
3111
3112
3113
3114
3115
3116
3117
3118
2881
2671
2672
2882
2673
2435
2436
2674
504
2675
2437
2438
2676
2677
2439
2234
2235
2440
2678
2679
2441
2236
2023
2024
2237
2442
2680
2681
2443
2238
2025
2026
2239
2444
2682
2683
2445
2240
2027
2028
2241
2446
2684
3119
3120
3121
2883
2685
2447
2242
2243
2244
2245
2449
2448
2686
505
2687
2884
3122
3123
2885
2688
2450
2689
2451
2246
2247
2452
2690
2886
3124
3125
2887
2691
2453
2248
2249
2454
2692
2888
3126
3127
2889
2693
2455
2250
2251
2456
2694
2890
3128
3129
2891
2695
2457
2252
2253
2458
2696
2892
3130
3131
2893
2697
2459
2254
2255
2460
2698
2894
3132
3133
2895
2699
2461
2256
2257
2462
2700
2896
3134
3135
2897
2701
2463
2258
2259
2464
2702
2898
3136
3137
2899
2703
2465
2704
2900
3138
3139
2901
2705
2466
2260
2261
2262
2467
2706
2902
3140
3141
2903
2707
2468
2263
2264
2469
2708
2904
3142
3143
2905
2709
2470
2265
2266
2471
2710
2906
3144
3145
2907
2711
2472
2267
2473
2712
2908
3146
3147
2909
2713
2910
3148
3149
3150
2911
2714
2474
2268
2055
2054
2053
2052
2051
2050
2049
2048
2047
2046
2045
2044
2043
2042
2041
2040
2039
2038
2037
2036
2035
2034
2033
2032
2031
2030
2029
1971
1933
1895
1857
1819
1781
1743
1705
1667
1629
484
1342
1343
1113
1112
1111
1341
1110
1109
1340
1339
1516
1515
1591
1553
1338
483
1337
1107
1108
1011
1012
1013
1014
814
815
1015
1016
816
817
1017
1114
1344
1345
1115
1018
818
819
1019
1116
1346
1347
1972
1934
1896
1858
1820
1782
1744
1706
1668
1630
1592
1554
1517
1348
1117
1020
820
821
1021
1349
1118
1022
822
823
1023
1119
1350
1351
1120
1024
824
825
1025
1121
1352
1353
1122
1026
826
827
1027
1123
1354
1124
1028
828
829
1029
1030
830
831
832
598
597
596
595
594
593
592
591
590
589
588
587
586
585
584
583
582
581
580
579
578
813
577
576
812
811
575
574
810
1010
809
573
572
808
1009
1106
1008
807
571
570
806
1007
1105
1336
1335
1104
1006
805
569
568
804
1005
1103
1334
1333
1332
1102
1004
803
567
566
802
1003
1101
1100
1331
1330
1099
1002
801
565
564
800
1001
1000
1098
1329
1328
1327
1097
999
799
563
562
798
797
998
1096
1095
1326
1514
1552
1590
1628
1666
1704
1742
1780
1818
1856
1894
1932
1970
1325
1094
997
796
795
996
995
1093
1324
1323
1322
1092
994
479
993
794
561
560
559
558
793
557
556
792
992
791
555
554
790
991
1321
1513
1551
1589
1627
1665
1703
1741
1779
1817
1855
1893
1931
1320
1319
1318
1892
1854
1816
1778
1740
1702
1664
1626
1588
1550
1512
990
789
553
552
788
989
988
787
551
550
786
987
986
785
549
548
784
985
1317
1316
1315
1314
1313
2005
1967
1929
1891
1853
1815
1777
1739
1701
1663
1625
1587
1549
1511
1312
1091
984
783
547
546
782
983
982
781
545
544
780
981
980
779
543
542
778
979
978
977
777
541
540
776
775
976
975
774
773
974
973
972
971
1311
1310
1309
1308
1307
1306
1305
1304
1303
1302
1301
1300
2218
2217
2216
2423
2215
2214
2213
2212
2211
2210
2209
2208
2207
2206
2205
2204
2422
2203
2004
1966
1928
1890
1852
1814
1776
1738
1700
1662
1624
1586
1548
1510
481
970
771
772
539
538
537
536
535
534
770
769
533
532
768
969
1090
1299
1509
1547
1585
1623
1661
1699
1737
1775
1813
1851
1889
1927
968
767
531
530
766
967
966
765
764
965
964
1964
1926
1888
1850
1812
1774
1736
1698
1660
1622
1584
1546
1508
1298
1089
471
763
529
528
527
762
2001
1963
1925
1887
1849
1811
1773
1735
1697
1659
1621
1583
1545
1507
1297
1088
963
465
526
525
524
523
522
521
520
519
518
459
435
436
761
962
437
438
1087
1296
439
440
1506
1544
441
442
1582
1620
443
444
1658
1696
445
446
1734
1772
447
448
1810
1848
449
450
1886
1924
451
452
1962
2000
453
454
2199
2417
455
456
457
458
3060
7356
7357
7358
7359
7360
7361
7362
7363
3061
2860
2635
3062
3063
3064
3065
3066
3067
3068
3069
3070
3071
3072
2200
2418
2636
2861
2862
2863
493
2637
2638
2639
2640
2641
2419
2201
2002
1965
2003
489
2202
2420
2421
2865
3079
3080
2866
2867
3081
3082
2868
2869
3083
3084
2870
2871
3085
3086
2872
2873
2653
2652
2651
2650
2649
2648
2647
2646
2645
2644
2864
2643
499
2642
3078
3077
3076
3075
3074
3073
429
430
433
434
431
432
7375
7269
7274
7273
7272
7268
7271
7270
7287
7278
7267
7259
7260
7261
7262
7263
7264
7265
7266
7318
409
410
407
408
7330
7192
7216
7237
7238
7191
7195
7194
7190
7193
7214
7215
7236
385
386
7111
7107
7108
7112
7113
7109
7110
7115
7114
7127
7151
363
364
7032
7031
7030
7029
7028
7033
7068
7083
339
340
337
338
6954
6983
6982
6953
6957
6956
6952
6955
6981
6999
313
314
6840
6841
6892
6853
6891
279
280
6923
6924
6925
6745
6744
6766
6814
6800
6765
6764
6791
6782
6743
6742
6741
6757
6735
6736
6737
6738
6739
6740
6788
6812
6813
6789
6790
245
246
6618
6619
6620
6629
6659
6674
6694
6695
6696
6713
207
208
6526
6514
6515
6516
6565
6558
6564
6542
6552
6551
6541
6557
6578
6577
6576
6575
175
176
6390
6449
6457
6458
6459
6401
6400
6399
6431
6413
6389
6398
6397
6479
139
140
6286
6287
6290
6288
6289
6293
6305
6313
6292
6291
6327
6360
6359
6358
101
102
6180
6179
6194
6195
6196
6181
6197
6226
6230
6241
71
72
6095
6128
6133
6127
6132
6145
6144
6131
6094
6093
6107
6092
6096
6106
6088
6089
6090
6091
6142
6143
43
44
41
42
6033
6034
6035
6036
6062
6063
6066
6067
6064
6038
6039
39
40
37
6040
6041
6049
6056
6050
6054
6057
6051
38
35
36
33
34
6158
6146
6147
6159
6160
6123
6118
6110
6098
6122
6125
6097
6117
6116
6115
6109
6114
6121
6135
6157
6134
6129
6156
6155
6108
63
64
65
66
61
62
6244
6233
6251
6243
6232
6221
6220
6250
6228
6211
6200
6199
6231
6242
6227
6219
6198
99
100
6361
6362
97
98
6363
6364
95
96
93
94
6222
6234
6261
6252
67
6119
6120
6130
6124
6099
6126
6148
6111
68
6245
6235
6223
6212
6201
6182
6365
6350
6298
6344
6330
6317
6297
6296
6329
6328
6316
6315
6325
6314
6306
6295
6294
137
138
135
136
133
134
131
132
6481
6426
6414
6404
6403
6441
6462
6461
6480
6452
6440
6432
6451
6402
6439
6460
6450
6425
171
172
177
178
173
174
6589
6588
6580
6560
6559
6579
6553
6543
6533
209
210
203
204
6534
6544
6561
6566
6567
6595
6596
6415
6463
6442
6416
6405
169
170
6562
6568
6554
6536
6545
6535
6517
205
206
6700
6648
6647
6795
6773
6747
6746
6767
6804
6633
6632
6622
6677
6699
6722
6721
6698
6660
6646
6631
6676
6645
6630
6675
6716
6715
6714
6697
6644
243
244
241
242
239
240
237
238
6794
6785
6772
6759
6758
6771
6779
6784
6803
6817
6816
6783
6777
6770
6778
6793
6802
6792
6815
6801
6776
275
276
277
278
273
274
271
272
6911
6910
6929
6928
6898
6875
6869
6868
6856
6897
6896
6927
6905
6895
6904
6903
6926
6894
6887
6902
6893
6867
6855
6854
311
312
309
310
307
308
305
306
7012
6994
7002
6988
6970
6978
6976
6993
7011
6987
6975
6986
7001
7010
7000
6959
6992
6985
6977
6991
6984
6958
333
334
335
336
331
332
329
330
7075
7062
7054
7038
7034
7037
7072
7071
7085
7044
7051
7043
7036
7070
7058
7053
7061
7084
7069
7057
7035
361
362
359
360
357
358
355
356
7171
7157
7148
7142
7130
7136
7129
7128
7117
7141
7153
7170
7169
7152
7140
7168
7147
7139
7135
7167
7146
7138
7116
383
384
381
382
379
380
7240
7241
7218
7225
7239
7217
7224
7202
7196
7197
7198
7203
403
404
399
400
7334
7321
7320
7309
7308
7319
7331
7307
7306
7305
7279
7277
7276
7333
7346
7345
7332
7275
427
428
7364
7372
425
426
423
424
421
422
7298
7288
7280
7281
7347
7289
419
420
7376
7299
7310
7311
7312
7300
7290
7291
7301
7282
7379
7365
7373
7380
7283
7292
7314
7323
7336
7313
7322
7335
7348
401
402
405
406
7204
7226
7200
7211
7213
7243
7242
7199
7210
7212
7219
7230
7231
377
378
7118
7119
7137
7120
7143
7158
7154
353
354
7046
7045
7063
6963
7013
6876
6888
6842
6930
7039
7244
7220
7293
7377
7366
7374
7367
7368
7369
7370
7381
7378
7315
7284
7294
7324
7337
7349
7159
6960
7003
303
304
6857
6899
6843
6858
6844
6912
6931
6913
6900
6859
6845
301
7014
302
299
300
297
6846
6877
6883
6915
6901
6916
6917
6878
6847
298
7004
7005
7006
327
328
7076
7064
7059
7047
7041
7040
349
350
351
352
7173
7172
7160
7155
7149
7132
7131
7121
7232
7245
7233
375
376
371
372
7246
7247
373
374
7124
7134
7145
7123
7122
7133
7144
7161
7162
347
348
7055
7065
7077
7078
7079
7066
7056
7080
325
326
6964
6971
6961
7007
6979
6965
6989
6995
6980
6972
6973
6974
6966
321
322
323
324
319
320
6967
6996
6997
6998
6990
6968
6962
7088
7087
7086
7067
7060
7050
7042
346
345
344
343
7052
7073
7081
7049
7048
7174
7175
7150
7156
7163
7164
7126
7125
369
370
7248
7228
7235
7234
7208
7223
7222
7207
7221
7227
7206
7205
397
398
395
396
393
394
7340
7341
7328
7342
7317
7329
7343
7304
7297
7296
7295
7327
7303
7326
7325
7339
7338
7316
7285
417
418
415
416
413
414
7382
7371
7286
7344
391
392
7201
7302
7383
7384
7385
7386
0
 
11274428 3175
2325
2530
2758
2757
2529
2756
2528
2324
2323
2527
2755
2965
2964
2963
2754
2526
2322
2321
2525
2753
2962
2961
2752
2524
2320
2319
2523
2751
2960
3198
3197
2959
2750
2522
2318
2317
2521
2749
2958
3196
3195
2957
2748
2520
2316
2315
2519
2747
2956
3194
2955
2746
2518
2314
2313
2517
2745
2516
2312
1980
1942
1904
1866
1828
1790
1752
1714
1676
1638
1600
1562
1524
1408
1409
1410
1178
1179
1180
1181
1182
1183
1184
1185
1186
1187
1188
1189
1190
1191
1192
1424
1525
1563
1601
1639
1677
1715
1753
1791
1829
1867
1905
1943
1981
2114
2326
2531
2759
2760
2532
2533
2327
2328
2115
2116
2329
2534
2535
2536
2330
2117
2118
2331
2537
2538
2332
2119
2120
2121
1423
1422
1421
1420
1419
1418
1417
1416
1415
1414
1413
1412
1411
882
461
883
884
885
886
887
888
889
890
462
644
891
892
645
646
893
894
647
648
895
896
649
650
651
897
1193
1194
1195
1196
1197
1198
1430
1526
1564
1602
1640
1678
1716
1754
1792
1830
1868
1906
1944
1982
1429
1428
1427
1426
1425
1044
898
899
900
652
653
901
902
654
655
903
1199
1200
1201
1202
1203
1204
1205
1206
1207
1437
1436
1435
1434
1433
1432
1431
1045
904
656
657
905
906
658
659
907
908
660
661
909
910
662
663
911
912
664
665
913
914
666
667
668
669
670
671
672
673
674
675
676
677
678
679
680
681
682
683
684
685
686
917
1048
1230
1459
1460
1461
1231
1232
1462
1463
1233
1234
1464
1465
1235
1236
1466
1237
1238
1467
1988
1950
1912
1874
1836
1798
1760
1722
1684
1646
1608
1570
1532
1468
1469
1470
1239
1240
1471
1472
1241
1242
1473
1474
1243
701
700
699
698
697
696
695
694
693
692
691
690
689
688
687
1229
1458
1531
1569
1607
1645
1683
1721
1759
1797
1835
1873
1911
1949
1987
1457
1228
1227
1530
1568
1606
1644
1682
1720
1758
1796
1834
1872
1910
1948
1986
1456
1226
1225
1455
1454
1224
1223
1453
1452
1222
1221
1451
1450
1220
1219
1449
1448
1218
1217
1447
1446
1216
1215
1445
1985
1947
1909
1871
1833
1795
1757
1719
1681
1643
1605
1567
1529
1444
1214
1047
916
466
915
1046
1213
1443
1212
1442
1441
1211
1210
1528
1566
1604
1642
1680
1718
1756
1794
1832
1870
1908
1946
1984
1983
1945
1907
1869
1831
1793
1755
1717
1679
1641
1603
1565
1527
1440
1209
1208
1439
1438
2793
2794
2795
2796
2797
2569
2570
2798
2799
2571
2572
2800
2801
2573
2574
2802
2575
2576
2371
2372
2577
2578
2373
2374
2375
2579
2580
2376
2377
2581
2810
2811
2582
2378
2379
2583
2812
2813
2584
2380
2381
2585
2814
2815
2586
2382
2383
2170
2169
2168
2167
2166
2165
2164
2163
2162
2161
2160
2159
2158
2370
2369
2157
2156
2368
2367
2155
2154
2366
2365
2153
2152
2364
2568
2567
2363
2151
2150
2362
2566
2565
2361
2149
2148
2360
2359
2147
2146
2358
2357
2145
2144
2356
2355
2143
2142
2354
2353
2141
2140
2352
2351
2139
2138
2350
2554
2553
2349
2137
2136
2348
2552
2551
2347
2135
2134
2346
2550
2778
2988
2987
2777
2549
2345
2133
2132
2344
2548
2776
2986
3210
3209
2985
2775
2547
2343
2131
2130
2342
2546
2774
2984
2983
2773
2545
2341
2129
2128
2340
2544
2772
2982
2981
2771
2543
2339
2127
2126
2125
2124
2123
2122
2333
2334
2539
2335
2336
2337
2338
2542
2770
2541
2540
2768
2769
2980
2979
2978
511
2977
2767
2976
2766
2765
2975
3208
3207
510
2974
2764
2763
2973
2972
2762
2761
2971
2970
509
2969
2968
3206
3205
2967
2966
3204
3203
3202
3201
3200
3199
6616
6615
6614
6613
6612
248
247
250
249
6621
6643
6617
6691
6692
6693
214
213
216
215
212
211
6513
6525
6532
6524
6512
6505
6506
6507
6508
6509
6510
6511
6574
6586
6587
180
179
182
181
6396
6388
6387
6386
6379
6380
6381
6382
6383
6384
6385
6478
3220
3219
3218
3217
3216
3215
3214
3213
3212
3211
512
2989
2990
2779
2780
2991
2992
2781
2782
2993
2783
2784
2555
2556
2557
2558
2785
506
2786
2787
2788
2559
2560
2789
2561
2562
2563
2564
2792
2791
2790
513
3221
2994
2995
2996
514
3222
3223
3224
3225
3226
3227
6343
6284
6283
6282
6281
6280
6279
6278
6312
6285
144
143
142
141
3228
3229
515
3230
2997
2803
2804
2805
3231
2998
2806
2807
2808
2809
516
3232
3233
3234
3235
3236
3237
3238
3239
3240
6172
6193
6207
104
103
106
105
6173
6174
6175
6176
6177
6178
6260
6240
74
73
70
69
3250
3251
3252
3009
3010
3253
3254
3011
2828
2829
3012
3255
3256
3013
2830
2831
2603
2604
2832
3014
3257
3258
3015
3016
2833
2605
2606
2402
2403
2607
2834
3017
3259
3260
3261
3262
3018
3019
2835
2608
2404
2405
2406
2407
2408
2409
2613
2839
3023
3266
3265
3022
3264
3263
3021
2838
2612
2611
2837
3020
2836
2610
2609
2191
488
1991
1953
2190
2189
2401
2400
2188
2187
2399
2602
2601
2398
2186
2185
2397
2600
2827
2826
2599
2396
2184
2183
2395
2598
3008
3007
3249
3248
3006
2825
2597
2394
2182
1990
1952
1951
1989
2181
2393
2180
2392
2596
2824
2595
2823
3005
3247
3004
3246
3245
3003
2822
2594
2391
2179
2178
2390
2593
2821
3002
3244
3243
3001
2820
2592
2389
2177
2176
2388
2591
2387
2590
2819
3000
3242
3241
2999
2818
2817
507
2816
2589
2386
2175
2174
2173
2385
2588
2587
2384
2172
2171
1484
1485
1486
1487
1256
1257
1488
1533
1571
1609
1647
1685
1723
1761
1799
1837
1875
1913
1489
1258
1259
1062
1061
1060
1255
1254
1059
1058
1253
1483
1482
1252
1057
1056
1251
1481
1480
1250
1055
1054
1249
1479
1478
1248
1053
1052
1247
1477
1476
1246
1051
1050
1245
1475
1244
1049
475
918
702
703
704
705
706
707
708
709
710
711
712
713
714
715
716
717
467
476
919
718
920
1063
1260
1490
1534
1572
1610
1648
1686
1724
1762
1800
1838
1876
1914
1491
1492
1261
1262
1263
1264
1265
1266
1497
1535
1573
1611
1649
1687
1725
1763
1801
1839
1877
1915
1496
1495
1494
1493
921
463
922
923
924
925
926
927
928
1267
1268
482
1269
1270
1271
1272
1273
1992
1954
1916
1878
1840
1802
1764
1726
1688
1650
1612
1574
1536
1498
929
930
1064
931
464
719
720
932
477
933
1065
1274
1275
1276
1066
934
935
721
722
936
1067
1068
1069
1070
1071
1072
1073
1074
1075
1076
1077
1078
1287
1286
1285
1284
1283
1282
1281
1280
1279
1278
1277
1500
1538
1576
1614
1652
1690
1728
1766
1804
1842
1880
1918
1956
1994
1993
1955
1917
1879
1841
1803
1765
1727
1689
1651
1613
1575
1537
1499
937
723
724
725
726
468
727
728
729
730
731
732
733
734
735
469
1079
1288
1289
1080
1081
938
939
736
737
940
1082
1290
1291
1501
1539
1577
1615
1653
1691
1729
1767
1805
1843
1881
1919
1957
1995
2194
2195
1996
1958
1920
1882
1844
1806
1768
1730
1692
1654
1616
1578
1540
1502
1292
1083
941
738
739
942
740
741
742
943
478
480
944
945
946
743
744
947
948
745
746
949
1084
1293
1503
1541
1579
1617
1655
1693
1731
1769
1807
1845
1883
1921
1959
1997
2196
950
747
748
951
952
749
750
953
954
751
752
955
956
753
754
957
958
755
756
959
960
757
758
759
760
470
3291
3292
3293
961
1086
3294
3295
1295
1505
3296
3297
3298
1543
1581
1085
1294
1504
1542
1580
1618
1656
1619
3299
3300
1657
1695
3301
3302
1733
1771
3303
3304
1809
1694
1732
1770
1808
1846
1884
1847
3305
3306
1885
1923
3307
3308
3309
1961
1999
1922
1960
1998
2197
2415
2198
3310
3311
2416
2634
3312
3313
2859
508
3059
3314
3290
3289
2858
2633
3058
3288
3057
3056
3055
3054
3053
3052
3051
3050
3049
3048
3047
517
3046
3287
3045
2857
2632
2414
492
2856
2631
2413
2412
2630
2855
3283
3284
3285
3286
3044
3043
3042
3041
3040
3282
3281
3039
2854
2629
498
2628
2853
2627
2626
2852
3278
3279
3280
3038
3037
3036
3035
3277
3276
3034
2851
2625
2624
2850
3033
3275
3274
3032
2849
2623
2622
2621
2620
2619
2618
2617
2616
2193
2192
490
2410
2411
2615
2614
2840
3024
3267
3268
3025
2841
2842
3026
3027
2843
2844
3028
2845
2846
2847
2848
3031
3273
3272
3030
3029
3271
3270
3269
46
45
6032
6037
6048
6025
6026
6027
6028
6029
6030
6031
6059
6060
6061
23
24
5957
5958
5959
5960
5961
5962
5963
5964
5965
5966
5986
6006
5987
6007
6008
6009
5988
5976
5971
5967
21
22
19
20
5968
5969
5970
5989
6013
5972
6014
5990
5991
6010
5992
5993
5994
5999
6000
6001
6002
6015
5973
5977
5978
17
18
15
16
13
14
11
12
6068
7
8
6074
9
10
5980
5981
5982
6003
5995
6004
5983
5
6
6071
6070
6076
6075
6058
6055
6043
6042
31
32
27
28
29
30
6044
6045
25
26
6161
6046
6077
6078
6065
6079
6072
5974
6016
6011
6253
6318
6471
6472
6482
6483
6299
127
128
129
130
6300
6331
6366
87
88
6183
6202
89
6368
6367
6351
6352
90
6208
6184
6203
6246
6262
6247
6263
59
60
57
58
6113
6100
6112
6149
6150
5975
6017
6012
6005
5996
3
4
1
2
5984
5985
5997
5998
5979
6018
6019
6020
6021
6022
6023
6024
3608
3819
3609
3610
3611
5933
5934
5935
3821
3344
3820
4018
5936
5937
4191
4017
4190
4351
5938
5939
4462
4484
5940
5941
4506
4528
5942
5943
4550
4572
5944
5945
4594
4616
5946
5947
4638
4660
5948
5949
4682
4681
4659
4637
4615
4593
4571
4549
4527
4505
4483
4461
4350
4016
4189
4349
4460
4482
4504
4526
4548
4570
4592
4614
4636
4658
4680
4702
4724
4858
4703
4704
5950
5951
4726
4725
4859
4860
5952
5953
4981
4980
5215
5216
5954
5955
5956
5455
3373
5673
5454
5672
3367
5214
4979
5453
5671
5932
5931
5930
5929
5670
5452
5669
5928
5927
5668
5451
5450
5667
5926
5925
5666
5449
5448
5665
5924
5923
5664
5447
3363
4978
4857
5213
5446
5663
5445
5662
5922
5921
5920
5661
5444
5212
5211
3366
5210
5209
5208
5207
3365
5206
5205
5916
5917
5918
5919
5660
5659
5658
5657
5656
5915
5914
5655
5654
5913
5912
5653
5443
5204
4977
4856
4722
4700
4678
4656
4634
4612
4590
4568
4546
4524
4502
3808
3809
3810
4723
4701
4679
4657
4635
4613
4591
4569
4547
4525
4503
4481
4459
4348
4188
4015
3811
3812
3813
3814
3815
3816
3817
3818
3607
3340
3606
3605
3604
3807
3806
3603
3602
3805
3804
3352
4014
4480
4458
4347
4187
4013
3348
3802
3803
3601
3600
3599
3598
3801
4012
3800
3597
3596
3799
4011
4186
4185
4184
4183
4010
3798
3797
4009
4182
4181
4008
4007
4179
4180
3354
4346
4345
3358
4721
4699
4677
4655
4633
4611
4589
4567
4545
4523
4501
4342
4343
4344
4176
4177
4178
4005
4006
3795
3796
3595
3594
3593
3592
3591
3794
3793
3590
3792
4004
4003
3791
3589
3588
3790
4002
4175
4174
4001
3789
3587
3586
3788
4000
4173
4341
4340
4172
3999
3787
3585
3584
3786
3998
4171
4339
4479
4457
4338
4170
3997
3785
3583
3582
3784
3996
4169
4337
4336
4168
3995
3783
3581
3580
3782
3994
4167
4335
4334
4166
3993
3781
3579
3578
3780
3992
4165
4333
4332
4164
3991
3779
3577
3576
3778
3990
4163
4331
4330
4162
3989
3777
3575
6165
6166
6167
6168
6169
6170
6171
6141
6162
6082
6083
6084
6085
6086
6087
6053
6073
6052
6081
6080
6069
6047
6151
6152
6138
6136
6137
6101
6102
55
56
53
54
51
6254
6266
6255
6256
6257
6258
6268
6267
52
49
50
6103
6139
6140
6153
6154
6104
47
48
6105
6164
6163
3574
3776
3988
4161
4329
4328
4160
3987
3775
3573
3774
3986
4159
4327
4326
4158
3985
3773
3572
3571
3772
3984
4157
4325
4324
4156
3983
3771
3570
3569
3770
3982
4155
4323
4855
4854
4853
4852
4851
4850
4849
4848
4847
4846
4845
4844
4843
4842
4841
4720
4698
4676
4654
4632
4610
4588
4566
4544
4522
4500
4478
4456
4322
4154
3981
3769
3568
3567
3768
3980
4153
4321
4320
4152
3979
3767
3566
3565
3766
3978
4151
4319
4318
4150
3977
3765
3564
3563
3764
3976
4149
4317
4316
4148
3975
3763
3562
3561
3762
3974
4147
4315
4314
4146
3973
3761
3560
3559
3760
3972
4145
4313
4312
4144
3971
3759
3558
3758
3970
3757
3969
4143
4311
4142
4310
4309
4141
3968
3967
4140
4308
4139
4307
4306
4499
4521
4543
4565
4587
4609
4631
4653
4675
4697
4719
4821
4976
4822
3361
4823
4824
4825
4826
4827
4828
4829
4830
4831
4832
4833
4834
4835
4836
4837
4838
4839
4840
3356
4305
4138
4137
3964
3965
3966
3754
3755
3756
3557
3556
3555
3554
3553
3753
3752
3552
3551
3751
3963
4136
4304
4455
4477
4454
4303
4135
3962
3750
3550
6378
76
75
6192
6269
6270
6271
6272
6273
6274
6275
6276
6277
6249
6259
6239
6229
6191
6190
78
77
6189
6206
6238
6237
6210
6188
82
6187
6218
6186
81
80
79
84
83
6205
6217
6216
6215
6214
6225
6213
6265
6224
6204
6248
6236
6264
6209
6185
86
85
92
91
6369
6370
6347
6346
6345
6332
6338
6337
6353
6336
6322
6301
123
124
125
126
119
120
121
122
6319
6303
6302
6484
6485
6465
6445
6421
6410
6409
6420
6408
6407
6419
6454
6453
6474
6444
6418
6434
6473
6427
6464
6443
6433
6417
6406
167
6597
6598
168
165
166
163
164
161
162
159
6581
6582
160
157
158
6435
6446
6411
6428
6429
6447
6466
6487
6486
117
118
113
114
6320
6348
6354
6355
6339
6333
6356
6349
6323
6326
6340
6307
6308
6309
6324
6310
115
116
111
112
109
110
107
108
6371
6372
6373
6374
6375
6376
6377
6304
6335
6342
6357
6321
6334
6341
6311
6493
6492
6475
6469
6437
6436
6423
6468
6491
6490
6489
6467
6488
6422
6392
6391
155
156
6590
6591
153
154
151
152
149
150
147
148
6448
6456
6470
6494
6477
6476
6455
6438
6430
6424
6393
6394
6412
6395
6504
6503
6502
6501
6500
6499
6498
6497
6496
6495
145
146
6593
6592
6585
6573
6531
6523
183
184
6602
6603
6604
6605
6606
6607
6608
6609
6594
6601
6610
6611
4273
4424
4425
4426
4274
4275
4427
4428
4276
4107
4108
4277
4429
4430
4278
4109
4110
3936
3937
4111
4279
4431
4432
4280
4281
4112
3938
3939
4113
4282
4433
4434
4435
4283
4114
3940
3941
4115
4284
4436
4437
4285
4116
3942
3943
4117
4286
4438
4439
4287
4118
3944
3731
3732
3945
4119
4288
4440
4441
4289
4120
3946
3733
3734
3947
4121
4290
4442
4443
4291
4122
3948
3735
3736
3949
4123
4292
4444
4445
4293
4124
3950
3737
3738
3951
4125
4294
4446
4447
4295
4126
3952
3739
3740
3953
4127
4296
4448
4449
4297
4128
3954
3741
3742
3955
4129
4298
4450
4451
4299
4130
3956
3743
3744
3957
4131
4300
4452
4453
4301
4132
3958
3745
3746
3959
4133
4302
4134
3960
3747
3748
3961
3749
3549
3548
3547
3546
3545
3544
3543
3542
3541
3540
3539
3538
3537
3536
3535
3534
3533
3532
3531
3730
3729
3530
3529
3728
3727
3528
3527
3726
3725
3724
3526
3525
3723
3935
3934
3722
3524
3523
3721
3933
4106
4105
3932
3720
3522
3521
3719
3931
4104
4272
4423
4422
4271
4103
3930
3718
3520
3519
3717
3929
4102
4270
4421
4420
4269
4101
3928
3716
3518
3517
3715
3927
4100
4268
4419
4418
4267
4099
3926
3714
3516
3515
3713
3925
4098
4266
4417
4416
4265
4097
3924
3712
3514
3513
3711
3923
4096
4264
4415
4414
4263
4095
3922
3710
3512
3511
3709
3921
3708
3920
4094
4262
4093
4261
4413
4412
4411
4260
4092
3919
3707
3510
3509
3706
3918
4091
4259
4410
4409
4258
4090
3917
3705
3508
3507
3704
3916
4089
4257
4408
4407
4256
4088
3915
3703
3506
3505
3702
3914
4087
4255
4406
4405
4254
4086
3913
3701
3504
3503
3700
3347
3699
3502
3698
3501
3500
3697
3696
3499
3498
3695
3694
3497
3496
3693
4249
4400
4401
4402
4250
4251
4403
4404
4252
4253
4085
4084
4083
4082
4081
4080
4248
4399
4398
4247
4079
4078
4246
4397
5564
5823
5824
5825
5565
5566
5826
5827
5567
5356
5357
5568
5828
5829
5569
5358
5359
5570
5830
5831
5571
5360
5361
5121
5122
5362
5572
5832
5833
5573
5574
5363
5123
5124
5364
5575
5834
5835
5836
5576
5365
5125
5126
5366
5577
5837
5838
5578
5367
5127
5128
5368
5579
5839
5840
5580
5369
5129
5130
4953
4954
5131
5370
5581
5841
5842
5582
5371
5372
5132
4955
4956
5133
5373
5583
5843
5844
5584
5585
5374
5134
4957
4958
5135
5375
5586
5845
5846
5847
5587
5376
5136
4959
4960
5137
5377
5588
5848
5849
5589
5378
5138
4961
4962
5139
5379
5590
5850
5851
5591
5380
5140
4963
4964
5141
5381
5592
5852
5853
5593
5382
5142
4965
4966
5143
5383
5594
5854
5855
5595
5384
5144
4967
4968
5145
5385
5596
5856
5857
5597
5386
5146
4969
4970
5147
5387
5598
5858
5859
5599
5388
5148
4971
4972
5149
5389
5600
5860
5861
5601
5390
5150
4973
4974
5151
5152
5153
5154
5155
5156
5157
5158
5159
5160
5161
5162
5163
5164
5165
5166
5167
5168
5169
5170
5171
5172
5173
5174
5175
5176
5177
5178
5179
5180
5181
5182
5183
5184
5185
5186
5426
5636
5895
5896
5897
5637
5638
5427
5428
5639
5898
5899
5900
5640
5429
5430
5641
5901
5902
5642
5431
5432
5643
5903
5904
5644
5433
5434
5645
5905
5906
5646
5435
5436
5647
5907
5908
5648
5437
5438
5649
5909
5910
5650
5439
5440
5651
5911
5652
5441
5442
5203
5202
5201
5200
5199
5198
5197
5196
5195
5194
5193
5192
5191
5190
5189
5188
5187
5425
5635
5894
5893
5634
5424
5423
5633
5892
5891
5632
5422
5421
5631
5890
5889
5630
5420
5419
5629
5888
5887
5628
5418
5417
5627
5886
5885
5626
5416
5415
5625
5884
5883
5624
5414
5413
5623
5882
5881
5622
5412
5411
5621
5880
5879
5620
5410
5409
5619
5878
5877
5618
5408
5407
5617
5876
5875
5616
5406
5405
5615
5874
5873
5614
5404
