48408
48204 316
 
270
271
275
276
297
298
304
305
310
309
308
300
299
280
291
285
284
279
290
286
283
274
282
287
289
277
278
281
288
292
293
294
296
295
303
301
302
199
306
307
311
312
205
200
192
193
170
171
165
166
168
167
175
186
180
179
174
195
204
203
194
185
181
178
169
177
182
184
172
173
176
183
187
188
189
191
190
198
196
197
201
202
206
207
100
94
95
87
88
65
66
60
61
164
210
154
161
160
155
153
150
145
38
39
34
35
137
136
135
134
127
126
208
120
13
14
9
8
17
26
25
18
16
19
24
27
37
36
42
58
53
52
46
43
41
44
47
51
54
57
63
62
70
81
75
74
69
90
89
80
76
73
64
72
77
79
67
68
84
86
99
98
93
102
101
97
96
92
91
85
83
82
78
71
105
59
56
55
50
48
45
49
317
316
40
104
33
28
23
20
12
103
30
31
32
29
22
21
15
11
10
7
6
2
1
3
5
4
116
115
112
111
107
106
108
117
125
128
133
138
141
209
149
152
156
159
162
163
158
157
146
148
151
147
142
132
129
124
121
123
130
131
122
113
114
110
109
211
212
213
216
217
220
221
118
119
140
139
144
143
250
259
269
315
266
265
260
258
255
314
242
241
240
239
232
231
313
225
222
230
233
238
243
246
254
257
261
264
267
268
263
262
251
253
256
252
247
237
234
229
226
228
235
236
227
218
219
215
214
223
224
244
245
248
249
0
 
204 2
272
273
