3328
3322 982
 
972
973
934
905
885
870
886
906
871
863
887
907
935
959
960
961
962
963
974
964
936
929
908
888
872
841
798
799
800
760
761
762
763
764
765
766
767
806
845
846
847
805
804
803
844
864
873
890
891
912
930
942
941
911
910
940
939
938
937
909
889
843
802
842
759
758
750
749
720
700
683
684
701
721
668
650
667
648
649
634
635
636
637
651
669
702
722
744
723
703
685
652
670
653
654
655
751
745
726
671
687
705
725
724
704
686
638
595
586
580
550
551
518
519
552
520
553
554
596
622
623
609
610
521
506
482
483
484
476
469
468
467
465
455
421
383
384
385
422
386
423
387
388
424
425
426
389
327
326
325
324
323
322
321
341
340
338
339
375
374
336
277
254
294
305
255
256
243
245
246
257
258
259
247
248
249
250
251
252
264
263
262
261
296
308
318
329
328
307
285
295
306
260
224
225
226
227
228
229
203
221
222
230
204
193
165
79
80
8
7
39
38
6
78
37
5
76
4
36
75
113
133
162
192
201
164
135
114
34
2
33
32
31
1
74
73
132
161
200
220
199
223
242
241
240
219
198
191
160
131
108
72
30
29
28
71
70
27
69
68
106
107
130
159
190
197
158
189
157
188
218
217
187
156
129
105
67
26
66
104
65
25
64
103
63
62
24
61
60
23
59
101
128
155
186
127
154
185
126
153
184
183
152
100
99
98
58
22
21
57
19
56
55
54
53
18
17
52
51
50
16
15
49
48
47
14
46
13
45
12
44
43
42
11
10
9
41
40
3
20
102
35
77
195
216
134
163
202
270
313
330
333
337
342
343
344
345
346
347
348
349
350
351
394
456
471
393
392
391
390
470
510
559
587
599
613
614
615
616
617
560
561
524
525
526
527
528
529
530
531
532
533
534
535
536
537
538
539
540
541
542
543
544
570
569
568
567
566
565
581
588
600
564
563
562
509
508
507
466
505
523
558
557
598
597
556
522
514
555
549
585
594
612
624
659
660
661
677
693
711
734
676
692
710
732
675
691
709
731
779
780
781
782
783
784
785
826
827
828
829
830
831
832
833
834
835
859
868
883
901
925
933
953
882
900
924
932
952
968
969
970
971
899
923
881
867
857
856
880
898
922
879
897
866
878
921
950
949
948
966
967
920
896
855
854
825
824
853
823
822
852
877
895
919
931
876
894
918
917
893
850
821
820
819
849
818
817
816
778
777
811
812
813
814
848
865
875
892
915
958
943
944
978
979
980
945
947
815
776
775
774
730
708
690
674
658
673
689
707
729
657
688
706
728
746
768
769
770
771
772
773
809
810
808
914
874
807
965
977
976
975
913
801
851
916
946
951
957
858
752
727
733
672
656
639
647
611
608
618
606
572
511
400
274
244
253
278
286
297
309
319
265
279
287
298
310
266
280
288
299
311
267
281
289
300
312
352
353
354
395
427
457
472
485
486
487
488
489
490
491
492
493
494
495
496
497
498
499
500
501
428
429
396
397
398
430
431
432
399
401
402
403
404
405
406
407
408
409
410
411
412
413
414
415
444
451
460
475
502
503
448
450
443
442
441
440
439
459
474
438
437
436
435
434
458
473
433
355
356
357
301
314
290
282
268
205
206
207
208
209
210
231
232
233
234
211
166
136
115
167
81
82
83
84
85
86
87
88
89
137
168
138
169
116
139
170
109
117
140
171
194
90
110
118
141
172
173
142
119
91
92
143
174
120
144
175
212
121
145
176
177
146
122
93
94
95
96
97
112
125
150
151
182
181
180
149
111
124
148
179
123
147
178
196
235
236
237
238
239
213
214
215
276
275
273
272
293
304
317
320
284
292
303
316
271
269
283
291
302
315
358
359
360
361
362
331
363
364
365
332
366
367
368
334
335
372
373
371
370
369
416
417
445
461
452
462
453
446
418
419
376
377
378
379
380
381
382
420
447
449
454
463
464
504
477
478
479
480
481
517
516
515
513
512
548
547
576
546
545
575
574
593
605
621
620
619
592
604
603
584
591
579
573
578
583
590
602
571
577
582
589
601
607
625
640
662
678
694
712
735
641
642
643
644
663
679
695
714
738
747
713
737
753
786
787
788
789
790
757
755
756
736
645
626
627
628
629
630
631
632
633
646
664
680
696
715
739
665
666
682
699
719
743
742
698
718
681
697
717
741
716
740
748
754
791
792
793
794
795
836
860
861
837
838
839
796
797
840
862
904
928
869
884
903
927
902
926
954
955
956
983
0
 
6 2
982
981
